Turn process_data to True to be able to run the data_processing main function (debuging, ignore this)
pi_l = 0
0.2872 0.4203 0.4107 0.3974 0.3912 0.4121 0.4123 0.3917 0.3886 0.3844 0.3683 
pi_l = 1
0.4083 0.2858 0.2976 0.3189 0.3553 0.4248 0.5108 0.5677 0.6167 0.6455 0.6184 
pi_l = 2
0.3989 0.2897 0.286 0.3074 0.3434 0.412 0.4974 0.5548 0.6035 0.6324 0.6059 
pi_l = 3
0.3789 0.3166 0.3002 0.2862 0.3188 0.3853 0.4692 0.5274 0.5755 0.6049 0.5793 
pi_l = 4
0.3461 0.3762 0.3509 0.3157 0.2863 0.3419 0.4231 0.4818 0.5293 0.5595 0.5358 
pi_l = 5
0.3126 0.5264 0.4795 0.4199 0.3502 0.286 0.3528 0.4108 0.4579 0.4879 0.4673 
pi_l = 6
0.5703 1.2788 1.0145 0.7622 0.6028 0.4086 0.2861 0.3119 0.3436 0.3611 0.3458 
pi_l = 7
0.596 1.3214 1.0681 0.8076 0.6514 0.4688 0.3421 0.2862 0.2918 0.2991 0.2865 
pi_l = 8
0.6146 1.3498 1.1042 0.838 0.6856 0.5107 0.3854 0.3191 0.2862 0.2793 0.2678 
pi_l = 9
0.6265 1.3675 1.1263 0.8566 0.7067 0.5362 0.412 0.3437 0.3078 0.286 0.2745 
pi_l = 10
0.6324 1.3762 1.137 0.8678 0.7168 0.5484 0.4246 0.3555 0.3189 0.2978 0.2858 
