Turn process_data to True to be able to run the data_processing main function (debuging, ignore this)
t value of T_ASP_RIS.pkl - T_ASP_IS.pkl
pi_l = 0
-0.0 -0.0 -0.0018 -0.0038 -0.0069 -0.0072 -0.0328 -0.0915 -0.1513 -0.2195 -0.3037 
pi_l = 1
-0.5958 -0.0 -0.023 -0.0276 -0.0228 -0.0136 -0.1205 -0.37 -0.5811 -0.8065 -1.1219 
pi_l = 2
-0.6095 -0.0014 -0.0 -0.0345 -0.0274 -0.0149 -0.1248 -0.3783 -0.5916 -0.8203 -1.1381 
pi_l = 3
-0.6349 -0.0026 -0.0018 -0.0 -0.0399 -0.0185 -0.1381 -0.3975 -0.6188 -0.851 -1.1733 
pi_l = 4
-0.662 -0.0009 -0.0048 -0.003 -0.0 -0.0285 -0.1588 -0.4347 -0.6665 -0.8996 -1.2309 
pi_l = 5
-0.6957 -0.0011 -0.0012 -0.0011 -0.0013 -0.0 -0.2142 -0.5188 -0.75 -0.9911 -1.3404 
pi_l = 6
-0.0624 -0.0 -0.0 -0.0 -0.0 0.0 -0.0 -0.272 -0.3756 -0.4819 -0.6497 
pi_l = 7
-0.009 -0.0 -0.0 -0.0 0.0 -0.0 -0.003 -0.0 -0.1668 -0.2783 -0.3438 
pi_l = 8
-0.0016 -0.0 0.0 -0.0 -0.0 0.0 -0.0049 -0.0026 -0.0 -0.0998 -0.1554 
pi_l = 9
-0.0002 -0.0 -0.0 -0.0 -0.0 -0.0 -0.0047 -0.0053 -0.0026 -0.0 -0.0457 
pi_l = 10
-0.0 -0.0 0.0 -0.0 -0.0 -0.0 -0.0039 -0.0049 -0.0032 -0.0012 -0.0 
max: 0.0  mean: -0.19587787235681348  min: -1.340357830421099
