Turn process_data to True to be able to run the data_processing main function (debuging, ignore this)
pi_l = 0
0.2872 0.5148 0.4738 0.4276 0.402 0.4212 0.4265 0.429 0.4602 0.4819 0.4594 
pi_l = 1
0.5411 0.3048 0.3149 0.3333 0.3596 0.4339 0.6166 0.7796 0.905 0.9862 0.9427 
pi_l = 2
0.5251 0.2964 0.3031 0.3239 0.3474 0.4202 0.5959 0.7584 0.8832 0.9642 0.9217 
pi_l = 3
0.4911 0.3268 0.3078 0.3056 0.3282 0.3924 0.5517 0.7129 0.8364 0.9172 0.8767 
pi_l = 4
0.4343 0.444 0.3768 0.3226 0.3041 0.3478 0.476 0.6357 0.757 0.8373 0.7999 
pi_l = 5
0.3635 0.7535 0.6496 0.5167 0.3615 0.3104 0.3642 0.5089 0.6273 0.7067 0.6749 
pi_l = 6
0.8839 1.7288 1.4643 1.184 0.8727 0.4644 0.3104 0.3216 0.3935 0.453 0.4317 
pi_l = 7
0.917 1.7712 1.5181 1.2426 0.9356 0.5428 0.3541 0.304 0.3069 0.3221 0.3062 
pi_l = 8
0.94 1.7998 1.5542 1.2818 0.9775 0.5937 0.3891 0.3378 0.3056 0.2982 0.2853 
pi_l = 9
0.9543 1.8175 1.5763 1.3059 1.0033 0.6244 0.4154 0.3595 0.3299 0.3031 0.2899 
pi_l = 10
0.9613 1.826 1.5869 1.3174 1.0156 0.6389 0.4291 0.3699 0.343 0.3188 0.3048 
