Turn process_data to True to be able to run the data_processing main function (debuging, ignore this)
pi_l = 0
0.2872 0.4182 0.4085 0.3963 0.3903 0.4106 0.4107 0.3899 0.3868 0.3823 0.3665 
pi_l = 1
0.4064 0.2858 0.2976 0.3185 0.3551 0.4238 0.5075 0.5635 0.6115 0.6402 0.6136 
pi_l = 2
0.397 0.2891 0.286 0.3073 0.3433 0.4112 0.4944 0.5506 0.5986 0.6274 0.6012 
pi_l = 3
0.3773 0.3152 0.2995 0.2862 0.3187 0.3847 0.467 0.5232 0.5713 0.6005 0.5755 
pi_l = 4
0.3452 0.3743 0.3496 0.3147 0.2863 0.3413 0.4215 0.4784 0.5264 0.5557 0.5325 
pi_l = 5
0.3106 0.5231 0.4775 0.4182 0.3487 0.286 0.351 0.4091 0.4554 0.4847 0.4645 
pi_l = 6
0.5659 1.0357 0.8994 0.7543 0.5952 0.4047 0.2859 0.3103 0.3417 0.3593 0.3443 
pi_l = 7
0.5909 1.0657 0.9376 0.7973 0.6435 0.4657 0.3417 0.2862 0.2899 0.297 0.2846 
pi_l = 8
0.6087 1.0867 0.9639 0.8269 0.6763 0.5068 0.3851 0.3191 0.2862 0.2781 0.2666 
pi_l = 9
0.6204 1.1003 0.9804 0.8453 0.6971 0.5321 0.4115 0.3436 0.3076 0.286 0.2745 
pi_l = 10
0.6261 1.1067 0.9883 0.8541 0.707 0.5441 0.4241 0.3553 0.3188 0.2978 0.2858 
