t value of T_ASP_Minmax_R.pkl - T_ASP_RIS.pkl
pi_l = 0
-0.2128 -0.1563 -0.1745 -0.1961 -0.2273 -0.286 -0.2703 -0.2238 -0.1964 -0.1706 -0.1264 
pi_l = 1
-0.2377 -0.2141 -0.1992 -0.2199 -0.2788 -0.3661 -0.4285 -0.4645 -0.5008 -0.5179 -0.468 
pi_l = 2
-0.2225 -0.1903 -0.2139 -0.2025 -0.2606 -0.3531 -0.4112 -0.449 -0.4847 -0.5017 -0.4518 
pi_l = 3
-0.1938 -0.1215 -0.1554 -0.2108 -0.2176 -0.3243 -0.3782 -0.4152 -0.4495 -0.4662 -0.4164 
pi_l = 4
-0.1642 -0.0296 -0.0441 -0.1147 -0.2128 -0.2693 -0.3258 -0.3538 -0.3904 -0.4108 -0.3598 
pi_l = 5
-0.118 -0.2854 -0.2128 -0.1091 -0.0379 -0.2059 -0.219 -0.2496 -0.2927 -0.3121 -0.2574 
pi_l = 6
-0.387 -0.9247 -0.7713 -0.6011 -0.4003 -0.1083 -0.2059 -0.0898 -0.0961 -0.0988 -0.0393 
pi_l = 7
-0.4017 -0.9663 -0.8238 -0.6625 -0.4747 -0.2244 -0.1133 -0.2128 -0.1425 -0.1014 -0.0992 
pi_l = 8
-0.4177 -0.9953 -0.8601 -0.705 -0.5269 -0.3008 -0.1289 -0.1353 -0.2108 -0.1786 -0.1727 
pi_l = 9
-0.4307 -1.0135 -0.8828 -0.7318 -0.5593 -0.3474 -0.1596 -0.1215 -0.1615 -0.2139 -0.2063 
pi_l = 10
-0.4385 -1.0224 -0.8938 -0.7448 -0.5748 -0.3695 -0.1832 -0.1282 -0.1528 -0.1877 -0.2141 
max: -0.0296418157672238  mean: -0.33485028519141363  min: -1.0224043046644709
