t value of T_ASP_Minmax_R.pkl - T_ASP_Minmax.pkl
pi_l = 0
-0.1845 -0.158 -0.161 -0.1626 -0.1648 -0.1494 -0.1489 -0.1471 -0.1374 -0.1287 -0.1237 
pi_l = 1
-0.1235 -0.2115 -0.2017 -0.1856 -0.1693 -0.1431 -0.126 -0.1072 -0.0921 -0.0815 -0.0783 
pi_l = 2
-0.1263 -0.2103 -0.2115 -0.1919 -0.1732 -0.1447 -0.1269 -0.1079 -0.0926 -0.0819 -0.0788 
pi_l = 3
-0.1343 -0.1937 -0.2025 -0.2088 -0.1857 -0.1506 -0.1294 -0.1099 -0.0941 -0.0829 -0.0797 
pi_l = 4
-0.1531 -0.1626 -0.1731 -0.1894 -0.2099 -0.167 -0.1367 -0.1146 -0.0971 -0.0853 -0.082 
pi_l = 5
-0.1946 -0.1181 -0.1283 -0.1429 -0.1723 -0.2024 -0.1573 -0.1265 -0.1061 -0.0925 -0.089 
pi_l = 6
-0.1055 -0.0643 -0.0739 -0.0861 -0.109 -0.1487 -0.1978 -0.1684 -0.1414 -0.1245 -0.12 
pi_l = 7
-0.0955 -0.0664 -0.075 -0.0859 -0.1055 -0.1341 -0.1679 -0.19 -0.1741 -0.1577 -0.152 
pi_l = 8
-0.0926 -0.0679 -0.0761 -0.0863 -0.105 -0.1287 -0.1528 -0.172 -0.1804 -0.173 -0.1666 
pi_l = 9
-0.0922 -0.0688 -0.0768 -0.087 -0.1049 -0.1269 -0.1478 -0.1633 -0.1699 -0.1707 -0.1642 
pi_l = 10
-0.0934 -0.0693 -0.0772 -0.0875 -0.105 -0.1263 -0.1465 -0.1618 -0.1685 -0.1684 -0.1619 
max: -0.06432740517707125  mean: -0.13460875612735868  min: -0.21148484357238778
