Turn process_data to True to be able to run the data_processing main function (debuging, ignore this)
pi_l = 0
0.2872 0.4182 0.4085 0.3963 0.3902 0.4108 0.4107 0.3899 0.3869 0.3823 0.3665 
pi_l = 1
0.4063 0.2858 0.2977 0.3186 0.3551 0.4239 0.5075 0.5636 0.6115 0.6401 0.6136 
pi_l = 2
0.3969 0.2891 0.286 0.3073 0.3433 0.4113 0.4945 0.5506 0.5985 0.6275 0.6013 
pi_l = 3
0.3773 0.3152 0.2995 0.2862 0.3187 0.3847 0.467 0.5233 0.5713 0.6007 0.5757 
pi_l = 4
0.3453 0.3743 0.3496 0.3147 0.2862 0.3414 0.4216 0.4783 0.5264 0.5558 0.5326 
pi_l = 5
0.3106 0.5231 0.4776 0.4182 0.3487 0.286 0.351 0.4091 0.4554 0.4847 0.4645 
pi_l = 6
0.5659 1.0359 0.8997 0.7544 0.5953 0.4047 0.2859 0.3103 0.3417 0.3594 0.3443 
pi_l = 7
0.5908 1.066 0.9377 0.7973 0.6437 0.4657 0.3418 0.2863 0.2898 0.297 0.2846 
pi_l = 8
0.6088 1.087 0.9642 0.8271 0.6764 0.5069 0.3851 0.319 0.2862 0.2782 0.2667 
pi_l = 9
0.6204 1.1004 0.9807 0.8456 0.697 0.5321 0.4115 0.3436 0.3075 0.286 0.2745 
pi_l = 10
0.6262 1.107 0.9885 0.8543 0.7073 0.5442 0.4241 0.3554 0.3188 0.2978 0.2858 
