Turn process_data to True to be able to run the data_processing main function (debuging, ignore this)
t value of T_ASP_Minmax_R.pkl - T_ASP_IS.pkl
pi_l = 0
-0.2128 -0.1563 -0.1762 -0.1999 -0.2342 -0.2933 -0.3031 -0.3153 -0.3478 -0.3902 -0.43 
pi_l = 1
-0.8335 -0.2141 -0.2222 -0.2475 -0.3016 -0.3797 -0.549 -0.8344 -1.0819 -1.3244 -1.5899 
pi_l = 2
-0.8319 -0.1917 -0.2139 -0.237 -0.288 -0.368 -0.536 -0.8273 -1.0763 -1.322 -1.5898 
pi_l = 3
-0.8287 -0.1241 -0.1572 -0.2108 -0.2576 -0.3427 -0.5163 -0.8126 -1.0683 -1.3172 -1.5897 
pi_l = 4
-0.8262 -0.0305 -0.0489 -0.1177 -0.2128 -0.2977 -0.4846 -0.7885 -1.0569 -1.3103 -1.5908 
pi_l = 5
-0.8138 -0.2866 -0.214 -0.1102 -0.0391 -0.2059 -0.4332 -0.7683 -1.0427 -1.3032 -1.5977 
pi_l = 6
-0.4493 -0.9247 -0.7713 -0.6011 -0.4003 -0.1083 -0.2059 -0.3618 -0.4717 -0.5806 -0.689 
pi_l = 7
-0.4107 -0.9663 -0.8238 -0.6625 -0.4747 -0.2244 -0.1163 -0.2128 -0.3093 -0.3797 -0.443 
pi_l = 8
-0.4193 -0.9953 -0.8601 -0.705 -0.5269 -0.3008 -0.1338 -0.1379 -0.2108 -0.2784 -0.3281 
pi_l = 9
-0.431 -1.0135 -0.8828 -0.7318 -0.5593 -0.3474 -0.1643 -0.1267 -0.1642 -0.2139 -0.252 
pi_l = 10
-0.4385 -1.0224 -0.8938 -0.7448 -0.5748 -0.3695 -0.1871 -0.1331 -0.156 -0.1889 -0.2141 
max: -0.03050329152317871  mean: -0.5307281575482271  min: -1.5977129915913852
