Turn process_data to True to be able to run the data_processing main function (debuging, ignore this)
regret value of Reg_ASP_MMR.pkl - Reg_ASP_MM.pkl
pi_l = 0
[ 0.0489 -0.0459 -0.1343 -0.1891 -0.2143 -0.2143 -0.1891 -0.1343 -0.0459
  0.0489] [ 0.0303 -0.0913 -0.1681 -0.1789 -0.153  -0.1088 -0.0629 -0.0302 -0.0142
 -0.0095] [ 0.0422 -0.0711 -0.1687 -0.1878 -0.1624 -0.1161 -0.0658 -0.0272 -0.0062
  0.0017] [ 0.0549 -0.0406 -0.1502 -0.2013 -0.1818 -0.1325 -0.0745 -0.0243  0.0078
  0.0225] [ 0.0715 -0.0053 -0.1042 -0.1895 -0.2085 -0.159  -0.0891 -0.0205  0.03
  0.0567] [ 0.0779  0.0378 -0.0324 -0.1178 -0.1928 -0.1927 -0.1176 -0.0322  0.038
  0.0781] [ 0.0658  0.0523  0.015  -0.0496 -0.1263 -0.1912 -0.1798 -0.0948 -0.0053
  0.0582] [ 0.0276  0.0212  0.0008 -0.0403 -0.0966 -0.1522 -0.1839 -0.1435 -0.0452
  0.0368] [ 0.0091  0.0062 -0.006  -0.0349 -0.0795 -0.1266 -0.1592 -0.1537 -0.0733
  0.0233] [-0.0034 -0.0047 -0.0131 -0.0356 -0.0725 -0.1138 -0.144  -0.1451 -0.0888
  0.0112] [-0.0035 -0.0049 -0.013  -0.0348 -0.0702 -0.1098 -0.1385 -0.1392 -0.0849
  0.0113] 
pi_l = 1
[-0.0954 -0.0924 -0.0984 -0.1131 -0.1269 -0.1291 -0.1131 -0.0735  0.0068
  0.1035] [ 0.021  -0.135  -0.231  -0.2538 -0.2281 -0.1707 -0.0912  0.0035  0.1009
  0.1771] [ 0.0163 -0.11   -0.2099 -0.2418 -0.2209 -0.1653 -0.0859  0.0093  0.1064
  0.1799] [ 0.0061 -0.0725 -0.1634 -0.2219 -0.2157 -0.1646 -0.0859  0.0093  0.1038
  0.1696] [-2.540e-02 -5.960e-02 -1.146e-01 -1.777e-01 -2.055e-01 -1.694e-01
 -9.410e-02 -2.000e-04  8.890e-02  1.451e-01] [-0.0257 -0.033  -0.0599 -0.11   -0.1652 -0.1774 -0.1182 -0.0285  0.054
  0.1025] [-0.017  -0.017  -0.0249 -0.0514 -0.096  -0.1395 -0.1422 -0.0838 -0.004
  0.0516] [-0.0282 -0.0267 -0.0283 -0.0404 -0.0662 -0.097  -0.1165 -0.0985 -0.031
  0.0334] [-0.0281 -0.0266 -0.0265 -0.0334 -0.0512 -0.0756 -0.0944 -0.0942 -0.0486
  0.0218] [-0.0261 -0.0245 -0.024  -0.0289 -0.0435 -0.0645 -0.0813 -0.0837 -0.0565
  0.0133] [-0.0254 -0.024  -0.0233 -0.0281 -0.042  -0.062  -0.0781 -0.0803 -0.0539
  0.0133] 
pi_l = 2
[-0.1071 -0.104  -0.1066 -0.1177 -0.13   -0.1319 -0.1158 -0.0758  0.0056
  0.1072] [ 0.0233 -0.1422 -0.2255 -0.2456 -0.2218 -0.1677 -0.0961 -0.0176  0.06
  0.1209] [ 0.0437 -0.1114 -0.2218 -0.2543 -0.2333 -0.1773 -0.0975 -0.0013  0.098
  0.1758] [ 0.0168 -0.0777 -0.1726 -0.2303 -0.2235 -0.1719 -0.0921  0.0055  0.1047
  0.1777] [-0.0265 -0.0654 -0.1205 -0.1826 -0.2106 -0.174  -0.0972 -0.0003  0.0939
  0.1551] [-0.0332 -0.0398 -0.065  -0.1129 -0.1673 -0.1794 -0.1192 -0.0269  0.0593
  0.1104] [-0.02   -0.0194 -0.026  -0.0515 -0.0963 -0.1401 -0.1428 -0.0833 -0.001
  0.0566] [-0.0331 -0.0312 -0.0318 -0.0424 -0.067  -0.0975 -0.1169 -0.0986 -0.0294
  0.0369] [-0.0317 -0.0298 -0.0289 -0.0347 -0.0517 -0.0758 -0.0947 -0.0942 -0.0476
  0.0247] [-0.0291 -0.0273 -0.0261 -0.03   -0.0437 -0.0644 -0.0814 -0.0837 -0.0557
  0.0161] [-0.0283 -0.0265 -0.0253 -0.0291 -0.0424 -0.0622 -0.0784 -0.0804 -0.0532
  0.016 ] 
pi_l = 3
[-0.1168 -0.121  -0.1232 -0.1297 -0.1389 -0.1401 -0.1239 -0.0839 -0.0013
  0.1099] [ 0.0471 -0.1332 -0.2019 -0.2127 -0.1925 -0.1531 -0.1098 -0.0689 -0.0295
  0.0031] [ 0.0589 -0.1142 -0.2125 -0.2305 -0.2111 -0.1649 -0.1055 -0.0427  0.02
  0.0709] [ 0.0696 -0.0749 -0.1974 -0.2527 -0.2434 -0.1918 -0.1117 -0.0124  0.091
  0.1725] [ 0.0065 -0.0576 -0.1292 -0.1969 -0.2263 -0.1892 -0.1102 -0.0082  0.0958
  0.1694] [-0.0393 -0.0489 -0.0757 -0.1219 -0.175  -0.187  -0.1245 -0.0265  0.0681
  0.1261] [-0.0338 -0.0325 -0.0375 -0.0596 -0.1007 -0.1429 -0.1449 -0.0829  0.0047
  0.0671] [-0.0432 -0.0407 -0.0398 -0.0476 -0.0695 -0.099  -0.1183 -0.0992 -0.0265
  0.0445] [-0.039  -0.0367 -0.0346 -0.0381 -0.0529 -0.0765 -0.0955 -0.0947 -0.0456
  0.0313] [-0.0348 -0.0328 -0.0304 -0.0325 -0.0444 -0.0648 -0.0819 -0.0839 -0.0543
  0.0223] [-0.0339 -0.0318 -0.0297 -0.0316 -0.0431 -0.0625 -0.0788 -0.0805 -0.0517
  0.0221] 
pi_l = 4
[-0.1014 -0.1406 -0.1568 -0.1622 -0.164  -0.1605 -0.1437 -0.1051 -0.0258
  0.0941] [ 0.0791 -0.0978 -0.1636 -0.1712 -0.1573 -0.139  -0.1247 -0.1178 -0.1189
 -0.1228] [ 0.0874 -0.0825 -0.1759 -0.1873 -0.1712 -0.1463 -0.123  -0.1067 -0.0976
 -0.0925] [ 0.0951 -0.0592 -0.1817 -0.2182 -0.2022 -0.1651 -0.1191 -0.0727 -0.0273
  0.0111] [ 0.1011 -0.028  -0.1536 -0.2359 -0.2557 -0.216  -0.1373 -0.0334  0.0776
  0.1659] [-0.0029 -0.0298 -0.076  -0.1358 -0.1942 -0.2082 -0.1431 -0.0366  0.0737
  0.1478] [-0.0508 -0.0493 -0.0548 -0.0756 -0.1121 -0.1513 -0.1525 -0.0866  0.0114
  0.0846] [-0.0575 -0.0542 -0.052  -0.0569 -0.0749 -0.1029 -0.1221 -0.1018 -0.0227
  0.058 ] [-0.0546 -0.0518 -0.0487 -0.0497 -0.0605 -0.0806 -0.0982 -0.0961 -0.0428
  0.0432] [-0.0508 -0.0483 -0.0456 -0.0457 -0.0533 -0.0692 -0.0842 -0.0851 -0.0526
  0.0335] [-0.0492 -0.0469 -0.0441 -0.0442 -0.0515 -0.0668 -0.0811 -0.0816 -0.0502
  0.0327] 
pi_l = 5
[-0.008  -0.109  -0.1631 -0.1892 -0.2016 -0.2016 -0.1892 -0.1631 -0.109
 -0.008 ] [ 0.0808 -0.0565 -0.1096 -0.1183 -0.1114 -0.1046 -0.103  -0.1048 -0.1075
 -0.1089] [ 0.0902 -0.0419 -0.1177 -0.1313 -0.1243 -0.1157 -0.1126 -0.1142 -0.1182
 -0.1209] [ 0.1084 -0.0186 -0.1204 -0.1527 -0.1471 -0.1333 -0.1241 -0.1224 -0.1272
 -0.1325] [ 0.1335  0.006  -0.1146 -0.1802 -0.1874 -0.1624 -0.1339 -0.1115 -0.0976
 -0.0895] [ 0.1525  0.0516 -0.0727 -0.182  -0.2499 -0.2499 -0.182  -0.0727  0.0516
  0.1525] [-0.0423 -0.0445 -0.0592 -0.0903 -0.1329 -0.1737 -0.1755 -0.105   0.0121
  0.1132] [-0.0929 -0.0874 -0.0833 -0.0868 -0.1    -0.1203 -0.1346 -0.1112 -0.0209
  0.0835] [-0.0859 -0.0821 -0.0779 -0.0769 -0.0821 -0.0943 -0.1072 -0.103  -0.0436
  0.0638] [-0.0756 -0.0728 -0.0694 -0.068  -0.0709 -0.0801 -0.0915 -0.0907 -0.0545
  0.0528] [-0.0731 -0.0704 -0.0671 -0.0657 -0.0684 -0.0772 -0.088  -0.0871 -0.052
  0.0512] 
pi_l = 6
[ 0.0681 -0.0209 -0.0644 -0.0898 -0.1038 -0.1083 -0.1078 -0.0995 -0.0779
 -0.0499] [ 0.0488 -0.0293 -0.0533 -0.0593 -0.0544 -0.0466 -0.0428 -0.0426 -0.0435
 -0.0445] [ 0.0571 -0.0219 -0.0584 -0.0685 -0.0636 -0.0542 -0.049  -0.0485 -0.0496
 -0.0507] [ 0.0705 -0.0093 -0.0609 -0.0805 -0.078  -0.0657 -0.0575 -0.0555 -0.0564
 -0.0576] [ 0.0914  0.0096 -0.0593 -0.0968 -0.1057 -0.0938 -0.08   -0.0723 -0.07
 -0.0705] [ 0.1332  0.0616 -0.0356 -0.1159 -0.1623 -0.1562 -0.1194 -0.0848 -0.0635
 -0.055 ] [ 0.1624  0.1174  0.0237 -0.0895 -0.1865 -0.2432 -0.231  -0.1485 -0.0269
  0.0854] [ 0.0074 -0.0128 -0.0465 -0.0851 -0.1264 -0.1652 -0.1889 -0.1658 -0.0598
  0.0731] [-0.0655 -0.0744 -0.0843 -0.0956 -0.1112 -0.1309 -0.1488 -0.1475 -0.0784
  0.0619] [-0.0776 -0.0837 -0.089  -0.0942 -0.1029 -0.1159 -0.1291 -0.1289 -0.0868
  0.051 ] [-0.0742 -0.0807 -0.0861 -0.0913 -0.0995 -0.112  -0.1245 -0.1241 -0.0837
  0.0488] 
pi_l = 7
[ 0.0728 -0.0069 -0.0551 -0.081  -0.0936 -0.0937 -0.0863 -0.077  -0.0653
 -0.0525] [ 0.0312 -0.0356 -0.0575 -0.0621 -0.0547 -0.0422 -0.0334 -0.0309 -0.0318
 -0.033 ] [ 0.0387 -0.0286 -0.0627 -0.0709 -0.0638 -0.0497 -0.0391 -0.0355 -0.0363
 -0.0378] [ 0.0488 -0.0172 -0.0652 -0.0831 -0.0786 -0.0627 -0.0483 -0.0422 -0.0421
 -0.0437] [ 0.0653  0.0017 -0.061  -0.0974 -0.1038 -0.0855 -0.0623 -0.0492 -0.0466
 -0.0478] [ 0.0974  0.0476 -0.0309 -0.1053 -0.1505 -0.1434 -0.1054 -0.0723 -0.0549
 -0.0498] [ 0.1378  0.1086  0.0378 -0.0618 -0.155  -0.2081 -0.1829 -0.1135 -0.0431
  0.0099] [ 0.1276  0.0958  0.0273 -0.0622 -0.1467 -0.2083 -0.2297 -0.1868 -0.0807
  0.035 ] [ 0.0741  0.0513  0.0057 -0.0542 -0.116  -0.1675 -0.1958 -0.1922 -0.1177
  0.0197] [ 0.0335  0.016  -0.0163 -0.0574 -0.1021 -0.144  -0.1704 -0.1718 -0.1286
  0.0063] [ 0.0331  0.0157 -0.0161 -0.056  -0.099  -0.1391 -0.1642 -0.1653 -0.1237
  0.0054] 
pi_l = 8
[ 0.0651 -0.0062 -0.0538 -0.0793 -0.0914 -0.0907 -0.0804 -0.0673 -0.0561
 -0.0476] [ 0.0219 -0.0397 -0.0604 -0.0643 -0.0564 -0.0424 -0.0306 -0.0255 -0.0253
 -0.0265] [ 0.0291 -0.033  -0.0659 -0.0732 -0.0652 -0.0495 -0.0355 -0.0288 -0.0282
 -0.0295] [ 0.038  -0.0219 -0.0682 -0.0853 -0.0798 -0.0614 -0.0425 -0.0324 -0.0308
 -0.032 ] [ 0.051  -0.0052 -0.0641 -0.0995 -0.1047 -0.0842 -0.0569 -0.0391 -0.0339
 -0.0345] [ 0.0789  0.0367 -0.0327 -0.1028 -0.1465 -0.1381 -0.0965 -0.0578 -0.038
 -0.033 ] [ 0.117   0.0935  0.0352 -0.052  -0.1381 -0.189  -0.1659 -0.103  -0.0479
 -0.0132] [ 0.1195  0.0938  0.0352 -0.047  -0.1281 -0.189  -0.2074 -0.1569 -0.0682
  0.012 ] [ 0.1083  0.082   0.0255 -0.0506 -0.1258 -0.1856 -0.2161 -0.1983 -0.1113
  0.0056] [ 0.0955  0.0718  0.0216 -0.0464 -0.1148 -0.1701 -0.2007 -0.1945 -0.1364
 -0.0167] [ 0.0921  0.0686  0.0196 -0.046  -0.1115 -0.1642 -0.1933 -0.187  -0.1311
 -0.0165] 
pi_l = 9
[ 0.0573 -0.0087 -0.0549 -0.0798 -0.0916 -0.0904 -0.0781 -0.061  -0.0467
 -0.0384] [ 0.0165 -0.0423 -0.0622 -0.0656 -0.0573 -0.0426 -0.0291 -0.0222 -0.0209
 -0.0217] [ 0.0235 -0.036  -0.0679 -0.0746 -0.0662 -0.0495 -0.0334 -0.0246 -0.0228
 -0.0235] [ 0.0315 -0.0252 -0.0706 -0.0871 -0.0808 -0.061  -0.0393 -0.0263 -0.023
 -0.0237] [ 0.0432 -0.0094 -0.0661 -0.1011 -0.1057 -0.0848 -0.0564 -0.036  -0.0283
 -0.0278] [ 0.0682  0.0294 -0.0355 -0.1031 -0.1458 -0.1368 -0.0928 -0.05   -0.0264
 -0.0198] [ 0.1023  0.0811  0.0286 -0.0518 -0.1334 -0.1826 -0.1598 -0.0961 -0.0402
 -0.0079] [ 0.1074  0.0849  0.0329 -0.0427 -0.1194 -0.1782 -0.1964 -0.1482 -0.0668
 -0.001 ] [ 0.1021  0.079   0.0282 -0.043  -0.1153 -0.1736 -0.2036 -0.1841 -0.0974
  0.004 ] [ 0.093   0.07    0.0207 -0.0469 -0.1153 -0.1714 -0.2033 -0.1949 -0.1257
 -0.0156] [ 0.0889  0.0665  0.0189 -0.046  -0.1115 -0.1651 -0.1954 -0.187  -0.1205
 -0.0151] 
pi_l = 10
[ 0.0508 -0.0124 -0.0571 -0.0815 -0.0931 -0.0916 -0.0785 -0.0593 -0.0424
 -0.0322] [ 0.0142 -0.0435 -0.0632 -0.0664 -0.058  -0.0429 -0.0285 -0.0207 -0.0189
 -0.0195] [ 0.0209 -0.0373 -0.0689 -0.0752 -0.0667 -0.0494 -0.0323 -0.0225 -0.0201
 -0.0205] [ 0.0287 -0.0269 -0.0717 -0.088  -0.0815 -0.0613 -0.0389 -0.025  -0.0208
 -0.0211] [ 0.0397 -0.0114 -0.0673 -0.1019 -0.1064 -0.0853 -0.0564 -0.0348 -0.0258
 -0.0246] [ 0.0631  0.0257 -0.0373 -0.1037 -0.1458 -0.1364 -0.0915 -0.0468 -0.0214
 -0.0135] [ 0.0946  0.0742  0.0241 -0.0533 -0.1326 -0.1811 -0.1586 -0.0944 -0.037
 -0.0035] [ 0.0975  0.0763  0.0273 -0.0446 -0.119  -0.1767 -0.1946 -0.1469 -0.0659
 -0.0004] [ 0.091   0.0696  0.0221 -0.0456 -0.1153 -0.1722 -0.2016 -0.1819 -0.0952
  0.0044] [ 0.0829  0.0617  0.0161 -0.048  -0.1139 -0.1685 -0.1999 -0.1916 -0.1243
 -0.019 ] [ 0.0792  0.0585  0.0141 -0.0473 -0.1103 -0.1624 -0.192  -0.1837 -0.119
 -0.0182] 
max: 0.1799  mean: -0.0616404132231405  min: -0.2557
